[529159, 16787479, 268446761, 16812055][139523, 67119647]bbcb:0.5, 0.5
[529159, 16787479, 268446761, 16812055, 135427][139523, 67119647]cccccb:0.5, 0.5
[529159, 16787479, 268446761][268454953, 69634]c:0.5, 0.5
[529159, 16787479, 268446761, 16812055][139523, 67119647]cccb:0.5, 0.5
[529159, 16787479, 268446761, 16812055, 135427][139523, 67119647]cbbbbb:0.5, 0.5
[529159, 16787479, 268446761, 16812055, 135427][139523, 67119647]cbbbbc:0.5, 0.5
[529159, 16787479, 268446761, 16812055, 135427][268454953, 69634]cccbbcb:0.5, 0.5
[529159, 16787479, 268446761, 16812055, 135427][268454953, 69634]cbbbbcb:0.5, 0.5
[529159, 16787479, 268446761][139523, 67119647]:0.5, 0.5
[529159, 16787479, 268446761, 16812055, 135427][139523, 67119647]bbcc:0.5, 0.5
[529159, 16787479, 268446761][268454953, 69634]b:0.5, 0.5
[529159, 16787479, 268446761, 16812055][268454953, 69634]bbb:0.5, 0.5
[529159, 16787479, 268446761, 16812055][268454953, 69634]bbc:0.5, 0.5
[529159, 16787479, 268446761, 16812055, 135427][268454953, 69634]cccbb:0.5, 0.5
[529159, 16787479, 268446761, 16812055, 135427][268454953, 69634]bbbbb:0.5, 0.5
[529159, 16787479, 268446761, 16812055][268454953, 69634]cbb:0.5, 0.5
[529159, 16787479, 268446761, 16812055, 135427][139523, 67119647]bbbb:0.5, 0.5
[529159, 16787479, 268446761, 16812055, 135427][268454953, 69634]ccbbb:0.5, 0.5
[529159, 16787479, 268446761, 16812055, 135427][268454953, 69634]ccbbc:0.5, 0.5
[529159, 16787479, 268446761, 16812055, 135427][139523, 67119647]bbbbcb:0.5, 0.5
[529159, 16787479, 268446761, 16812055, 135427][268454953, 69634]bbcbb:0.5, 0.5
[529159, 16787479, 268446761, 16812055][139523, 67119647]bb:0.5, 0.5
[529159, 16787479, 268446761, 16812055, 135427][139523, 67119647]bbcbbb:0.5, 0.5
[529159, 16787479, 268446761, 16812055, 135427][139523, 67119647]cbbcbb:0.5, 0.5
[529159, 16787479, 268446761, 16812055, 135427][139523, 67119647]ccbb:0.5, 0.5
[529159, 16787479, 268446761, 16812055, 135427][268454953, 69634]cbbcbbb:0.5, 0.5
[529159, 16787479, 268446761, 16812055, 135427][268454953, 69634]cbbcbbc:0.5, 0.5
[529159, 16787479, 268446761, 16812055, 135427][139523, 67119647]ccbbcb:0.5, 0.5
[529159, 16787479, 268446761, 16812055][139523, 67119647]cbbb:0.5, 0.5
[529159, 16787479, 268446761, 16812055][139523, 67119647]cc:0.5, 0.5
[529159, 16787479, 268446761, 16812055, 135427][139523, 67119647]cbbcbbcb:0.5, 0.5
[529159, 16787479, 268446761, 16812055][139523, 67119647]cbbc:0.5, 0.5
[529159, 16787479, 268446761, 16812055, 135427][268454953, 69634]cbbcc:0.5, 0.5
[529159, 16787479, 268446761, 16812055, 135427][268454953, 69634]cbbcccb:0.5, 0.5
[529159, 16787479, 268446761, 16812055, 135427][139523, 67119647]bbcccb:0.5, 0.5
[529159, 16787479, 268446761, 16812055, 135427][268454953, 69634]bbbbc:0.5, 0.5
[529159, 16787479, 268446761, 16812055, 135427][268454953, 69634]ccccb:0.5, 0.5
[529159, 16787479, 268446761, 16812055, 135427][268454953, 69634]ccccc:0.5, 0.5
[529159, 16787479, 268446761, 16812055, 135427][139523, 67119647]bbcbbc:0.5, 0.5
[529159, 16787479, 268446761, 16812055][268454953, 69634]cbbcb:0.5, 0.5
[529159, 16787479, 268446761, 16812055][268454953, 69634]ccb:0.5, 0.5
[529159, 16787479, 268446761, 16812055][268454953, 69634]ccc:0.5, 0.5
[529159, 16787479, 268446761, 16812055, 135427][268454953, 69634]cbbbb:0.5, 0.5
[529159, 16787479, 268446761][139523, 67119647]cb:0.5, 0.5
[529159, 16787479, 268446761, 16812055, 135427][139523, 67119647]cbbccb:0.5, 0.5
[529159, 16787479, 268446761, 16812055, 135427][268454953, 69634]bbccb:0.5, 0.5
[529159, 16787479, 268446761, 16812055, 135427][268454953, 69634]bbccc:0.5, 0.5
[529159, 16787479, 268446761, 16812055, 135427][268454953, 69634]bbcbbcb:0.5, 0.5
[529159, 16787479, 268446761, 16812055, 135427][139523, 67119647]cbbccc:0.5, 0.5
[529159, 16787479, 268446761, 16812055, 135427][139523, 67119647]cccc:0.5, 0.5
[529159, 16787479, 268446761, 16812055, 135427][139523, 67119647]cccbbb:0.5, 0.5
[529159, 16787479, 268446761, 16812055, 135427][139523, 67119647]cccbbc:0.5, 0.5
